567908.5000000000
2732921.0000000000
3921000.0000000000
5608540.5000000000
6757619.5000000000
7401913.5000000000
8897400.0000000000
10161559.5000000000
11081261.0000000000
11640982.5000000000
12006449.5000000000
12491544.5000000000
14177035.5000000000
14990690.0000000000
16193525.5000000000
17113209.0000000000
18107384.0000000000
18908839.0000000000
20218200.0000000000
21707039.5000000000
22958500.0000000000
24153606.5000000000
24762230.0000000000
27547349.5000000000
27850712.5000000000
28172725.0000000000
28896834.0000000000
29674842.0000000000
30378562.0000000000
32074583.0000000000
32354718.0000000000
33005612.5000000000
34235731.0000000000
34984475.0000000000
36603765.0000000000
37294956.5000000000
38046923.0000000000
38473103.5000000000
39524330.5000000000
40405445.5000000000
41158058.5000000000
43292088.5000000000
44058035.5000000000
44520415.5000000000
45390689.5000000000
45528802.0000000000
46347480.5000000000
46884793.0000000000
47954433.5000000000
48862201.5000000000
50550709.5000000000
51580532.5000000000
52979540.0000000000
53466586.0000000000
53951321.5000000000
55872723.0000000000
56724907.0000000000
58910084.5000000000
60163588.0000000000
61279052.0000000000
62365041.5000000000
63444248.5000000000
64414245.5000000000
65594379.5000000000
66929893.0000000000
67493033.0000000000
69022477.0000000000
69591900.0000000000
70283920.0000000000
71117543.0000000000
72337966.0000000000
73249947.0000000000
74046269.0000000000
74838370.5000000000
75659265.0000000000
77041617.5000000000
77551460.0000000000
78213090.5000000000
79432643.5000000000
82268638.0000000000
82915543.5000000000
83920156.5000000000
84228859.0000000000
84358019.5000000000
85519115.0000000000
85535087.5000000000
86552491.0000000000
87712238.5000000000
88227868.5000000000
89385388.5000000000
90584250.5000000000
91032978.5000000000
91835246.5000000000
93044503.0000000000
94472397.5000000000
95314041.0000000000
96226087.0000000000
96471847.5000000000
97485438.5000000000
98836288.0000000000
99572073.5000000000
100444716.5000000000
100798108.5000000000
102285703.0000000000
102335243.5000000000
103493404.0000000000
104815713.0000000000
106351909.5000000000
106882288.5000000000
107521527.0000000000
108131830.0000000000
108959710.0000000000
110135047.0000000000
110528117.5000000000
111589688.0000000000
113011010.0000000000
113525642.0000000000
113953537.0000000000
115077838.5000000000
115691010.0000000000
116360788.5000000000
117345417.0000000000
118001402.0000000000
119124130.5000000000
119330402.0000000000
120088461.5000000000
120226122.5000000000
121584837.5000000000
143533568.0000000000
144054827.5000000000
144412639.5000000000
145313731.0000000000
146239160.0000000000
147875735.0000000000
149582758.5000000000
150656101.0000000000
151611608.5000000000
151797016.0000000000
152751005.5000000000
153132539.5000000000
153950826.0000000000
156651221.5000000000
157606455.5000000000
158869282.0000000000
159201779.5000000000
159644517.0000000000
160674589.0000000000
161905675.5000000000
163215237.5000000000
164795443.5000000000
165651157.5000000000
167034286.5000000000
168701075.0000000000
169505027.0000000000
171431642.0000000000
172379894.0000000000
173074509.5000000000
173635133.5000000000
174462273.0000000000
174766611.5000000000
176027385.0000000000
177286685.0000000000
178452354.5000000000
179582748.0000000000
180269830.5000000000
180671191.5000000000
181193628.5000000000
182114915.0000000000
184259137.5000000000
184787643.0000000000
186742406.5000000000
187681566.0000000000
188309858.0000000000
188384385.0000000000
189556603.0000000000
189945786.5000000000
190940450.5000000000
191901860.0000000000
192811459.5000000000
194092653.0000000000
195155986.0000000000
196138370.0000000000
197307853.0000000000
198095188.5000000000
199924857.5000000000
200507225.5000000000
202143925.5000000000
202210085.5000000000
202275328.5000000000
202892630.0000000000
204966404.5000000000
205353459.0000000000
205777518.0000000000
207275641.5000000000
207998583.0000000000
209231181.5000000000
210538639.5000000000
211994077.0000000000
212130074.5000000000
213731304.5000000000
214313705.5000000000
215891697.0000000000
216022395.5000000000
217233766.5000000000
218099509.5000000000
218174173.0000000000
219297495.0000000000
220434386.5000000000
221963863.5000000000
222523285.0000000000
223260616.0000000000
225625193.5000000000
226188717.5000000000
227428152.0000000000
228058297.0000000000
229467876.0000000000
231047662.0000000000
231952409.5000000000
233977739.0000000000
234273373.5000000000
235699873.0000000000
236727763.5000000000
237693303.0000000000
239063589.5000000000
239981220.0000000000
241238235.0000000000
242388677.0000000000
243154158.0000000000
245033090.0000000000
245909515.0000000000
246794334.0000000000
1236578595.0000000000
1238568422.5000000000
1239169412.5000000000
1240601102.0000000000
1241975144.0000000000
1242809065.0000000000
1243884489.5000000000
1244239746.0000000000
1244809324.0000000000
1245752362.0000000000
1246407763.5000000000
1247324644.5000000000
1249714436.5000000000
1250848735.5000000000
1251153439.5000000000
1252367090.0000000000
1252611516.5000000000
1253397530.5000000000
1254849045.0000000000
1255696438.0000000000
1257650955.5000000000
1258820955.5000000000
1259401912.0000000000
1260113918.0000000000
1261106749.0000000000
1262100332.0000000000
1263222124.0000000000
1263840917.5000000000
1264809708.0000000000
1265673319.0000000000
1267066889.5000000000
1267786906.5000000000
1268905446.5000000000
1269475443.5000000000
1273305214.0000000000
1274104278.0000000000
1275457093.0000000000
1275976693.0000000000
1276807817.0000000000
1278079242.5000000000
1278809923.5000000000
1280002776.5000000000
1280751923.0000000000
1281756212.0000000000
1282402419.5000000000
1282614031.0000000000
1283998107.5000000000
1285441867.5000000000
1285844602.0000000000
1286903956.0000000000
1286916193.0000000000
1287481072.5000000000
1288576144.5000000000
1289435625.5000000000
1290283355.0000000000
1291297045.0000000000
1292705927.5000000000
1295573787.5000000000
1297145051.0000000000
1297555168.5000000000
1297857078.5000000000
1299192571.0000000000
1299813963.0000000000
1300998595.0000000000
1301106043.0000000000
1302195081.0000000000
1303014074.5000000000
1304613920.5000000000
1305348963.5000000000
1306848991.5000000000
1307604140.0000000000
1308742519.5000000000
1310181602.0000000000
1310912822.5000000000
1311514621.5000000000
1312798358.5000000000
1313696388.5000000000
1314544134.0000000000
1315367090.5000000000
1316403800.5000000000
1318219499.0000000000
1319197007.0000000000
1319917832.0000000000
1321892008.5000000000
1322506333.5000000000
1325638321.0000000000
1328191947.5000000000
1329665430.0000000000
1330526089.0000000000
1330867732.0000000000
1331321032.5000000000
1332351659.5000000000
1332869533.5000000000
1333910884.5000000000
1334787797.5000000000
1334950997.5000000000
1335921984.5000000000
1336753956.0000000000
1337549732.5000000000
1338646376.0000000000
1339704503.0000000000
1340678429.5000000000
1341721478.0000000000
1343025837.0000000000
1343975106.0000000000
1345344912.0000000000
1346886160.0000000000
1349622794.5000000000
1350186386.0000000000
1350994214.0000000000
1353082816.0000000000
1353232114.5000000000
1356666146.0000000000
1356707398.5000000000
1358549754.0000000000
1360432211.0000000000
1360997343.0000000000
1363553679.5000000000
1364330728.0000000000
1365026475.5000000000
1366072265.0000000000
1367175083.0000000000
1367778448.0000000000
1368053033.5000000000
1368922826.0000000000
1369892268.0000000000
1371637002.5000000000
1372349733.5000000000
1373834695.5000000000
1375734654.0000000000
1377005284.0000000000
1377804320.5000000000
1378905243.0000000000
1379938467.5000000000
1380909054.5000000000
1382276671.5000000000
1382367143.5000000000
1383900684.0000000000
1384297714.5000000000
1385186786.5000000000
1386140625.0000000000
1386812799.0000000000
1388112143.0000000000
1390089086.5000000000
1391021982.5000000000
1391586390.5000000000
1392720205.0000000000
1393676839.5000000000
1396276474.0000000000
1397358812.0000000000
1398762330.5000000000
1399929506.5000000000
1400400733.0000000000
1401200676.0000000000
1402140565.5000000000
1403587178.0000000000
1403894358.0000000000
1404463924.5000000000
1404473000.0000000000
1405172919.0000000000
1405763276.5000000000
1406795221.5000000000
1407840061.0000000000
1408677897.5000000000
1409733490.0000000000
1410654762.0000000000
1412768972.0000000000
1413655684.5000000000
1414760295.0000000000
1415136155.0000000000
1416650369.0000000000
1417511008.5000000000
1417976463.0000000000
1419197024.5000000000
1419984875.5000000000
1420646223.0000000000
1421122085.0000000000
1423028567.0000000000
1425037208.0000000000
1425225348.0000000000
1425993064.0000000000
1427729910.5000000000
1428588355.0000000000
1430054840.0000000000
1430640521.5000000000
1431374897.0000000000
1432540129.5000000000
1433015066.5000000000
1433653999.0000000000
1434813337.0000000000
1435554063.0000000000
1436400068.5000000000
1437026801.5000000000
1438156206.0000000000
1439572462.5000000000
1440018308.5000000000
1440905643.5000000000
1441678942.5000000000
1442539229.0000000000
1443612721.0000000000
1444866884.5000000000
1445539903.5000000000
1446771501.5000000000
1447957230.5000000000
1448496767.0000000000
1451039479.0000000000
1451780567.5000000000
1451951401.0000000000
1452541348.0000000000
1453479124.5000000000
1453978771.5000000000
1454897395.5000000000
1455941622.0000000000
1457146770.5000000000
1457827706.5000000000
1458645539.0000000000
1460210700.0000000000
1461248158.0000000000
1461685243.5000000000
1463015820.0000000000
1463996685.0000000000
1465088768.5000000000
1466475338.5000000000
1469239378.0000000000
1470703926.0000000000
1471752029.5000000000
1472990695.0000000000
1473639791.5000000000
1474594488.5000000000
1475629620.0000000000
1476690195.0000000000
1476764131.0000000000
1965918963.0000000000
1966487917.0000000000
1967329945.5000000000
1968275215.0000000000
1968296970.0000000000
1969466630.5000000000
1969627377.0000000000
1970160206.5000000000
1970655209.0000000000
1971611814.0000000000
1972716160.5000000000
1974009823.0000000000
1974201417.0000000000
1974955002.5000000000
1975298844.0000000000
1975757230.5000000000
1977561882.5000000000
1977719743.5000000000
1978621895.5000000000
1980022961.5000000000
1980916834.0000000000
1982785498.0000000000
1983896340.5000000000
1985189393.0000000000
1986116830.5000000000
1987014655.0000000000
1988268299.5000000000
1989032591.0000000000
1990296019.0000000000
1991371050.0000000000
1992017139.0000000000
1993297906.0000000000
1993451558.0000000000
1994491588.5000000000
1995081155.0000000000
1995416952.0000000000
1996438252.0000000000
1997265764.5000000000
1998989784.5000000000
1999470297.5000000000
2000088740.0000000000
2001381072.0000000000
2003690012.5000000000
2004218453.5000000000
2005701104.5000000000
2007124219.0000000000
2010437926.5000000000
2012862891.5000000000
2013363449.0000000000
2013832270.0000000000
2015133397.5000000000
2015696447.5000000000
2016119866.0000000000
2016868641.5000000000
2018418968.0000000000
2018691282.0000000000
2019705541.0000000000
2021355996.5000000000
2021451031.0000000000
2022235446.0000000000
2023201701.0000000000
2023771933.0000000000
2026091679.0000000000
2028269445.5000000000
2029243580.5000000000
2030577781.0000000000
2031725099.5000000000
2032117884.5000000000
2033020892.5000000000
2034224218.5000000000
2034577856.0000000000
2036057305.0000000000
2037086215.0000000000
2037489084.0000000000
2037901457.0000000000
2039673596.0000000000
2040541593.0000000000
2041264239.5000000000
2042844748.0000000000
2043332430.5000000000
2044369483.0000000000
2044644791.0000000000
2045361228.5000000000
2047342664.0000000000
2048835349.5000000000
2053196670.0000000000
2054154702.5000000000
2055907942.0000000000
2056480880.0000000000
2057318762.5000000000
2058779746.0000000000
2059501960.0000000000
2060134706.5000000000
2060789101.0000000000
2063380800.0000000000
2064452237.0000000000
2065575891.5000000000
2066197773.0000000000
2067131702.0000000000
2067936598.5000000000
2068591889.5000000000
2069723820.0000000000
2070608540.0000000000
2072106820.0000000000
2072599713.5000000000
2073322440.0000000000
2074274586.0000000000
2075223293.5000000000
2075941381.0000000000
2077527755.5000000000
2078601652.0000000000
2079471930.5000000000
2080493054.5000000000
2081267754.0000000000
2081406060.0000000000
2081496163.0000000000
2082002978.0000000000
2082726186.0000000000
2083913424.5000000000
2084282222.5000000000
2085285687.5000000000
2085731088.5000000000
2086322098.5000000000
2087796579.0000000000
2088421505.5000000000
2089121346.5000000000
2090157063.0000000000
2091971533.5000000000
2093234970.5000000000
2094451615.5000000000
2095248305.0000000000
2096415953.5000000000
2098364818.0000000000
2098916181.5000000000
2099574810.0000000000
2099931070.5000000000
2101869583.0000000000
2102785876.0000000000
2103711647.5000000000
2104832179.0000000000
2105457552.5000000000
2106538293.5000000000
2107509664.5000000000
2108193088.0000000000
2109781038.0000000000
2109873250.5000000000
2110991983.5000000000
2112085764.5000000000
2113808663.0000000000
2114196789.5000000000
2114934886.5000000000
2115622264.5000000000
2117345408.0000000000
2117683165.5000000000
2118929742.5000000000
2119553426.5000000000
2120563655.5000000000
2123213136.5000000000
2124699032.0000000000
2125270822.0000000000
2127759169.0000000000
2128402767.5000000000
2129562650.5000000000
2130533917.0000000000
2131342518.0000000000
2131719811.5000000000
2131794711.5000000000
2131941492.0000000000
2133127229.5000000000
2133934829.5000000000
2134441898.5000000000
2135126595.0000000000
2136962384.0000000000
2138444695.5000000000
2138932410.0000000000
2140193873.0000000000
2141930585.5000000000
2142133697.5000000000
2142764539.0000000000
2143650843.0000000000
2145295105.5000000000
2147101310.5000000000
2147766654.5000000000
2148406395.5000000000
2149211282.0000000000
2150262933.0000000000
2151086697.5000000000
2152197724.0000000000
2152364906.0000000000
2153174760.5000000000
2154657978.0000000000
2157026013.0000000000
2158016761.5000000000
2158481526.5000000000
2159526722.5000000000
2159560178.0000000000
2563680523.0000000000
2563706565.5000000000
2565319996.0000000000
2566365701.0000000000
2567132830.5000000000
2567705298.5000000000
2568626968.0000000000
2571064185.0000000000
2571568265.5000000000
2571757278.5000000000
2573963600.5000000000
2575367802.0000000000
2576338914.0000000000
2577423211.5000000000
2579915808.0000000000
2580879900.5000000000
2581933187.0000000000
2582757949.0000000000
2583633583.0000000000
2584369397.0000000000
2586360798.5000000000
2587092408.5000000000
2588288849.0000000000
2589165482.5000000000
2589614921.0000000000
2590970563.5000000000
2591311833.5000000000
2592545750.0000000000
2593593090.0000000000
2595333483.5000000000
2595656664.5000000000
2596289470.5000000000
2597540924.0000000000
2598463593.5000000000
2599219510.0000000000
2600668402.0000000000
2601195457.5000000000
2601682311.0000000000
2602200369.0000000000
2605418220.0000000000
2606408657.0000000000
2608588931.0000000000
2609680995.5000000000
2611337345.0000000000
2611723124.0000000000
2612593193.0000000000
2616177868.0000000000
2616868040.0000000000
2617859326.0000000000
2618369566.5000000000
2618623469.0000000000
2619609864.5000000000
2621266455.5000000000
2621984534.5000000000
2623282524.0000000000
2624130791.5000000000
2624748407.5000000000
2625566285.0000000000
2626261287.0000000000
2627709902.0000000000
2628788162.5000000000
2629703899.0000000000
2630915022.5000000000
2631184024.5000000000
2632389856.5000000000
2633287659.0000000000
2635302594.5000000000
2635713131.5000000000
2636787884.0000000000
2638205495.0000000000
2638599215.0000000000
2639919450.0000000000
2641095607.0000000000
2641568173.5000000000
2642440805.5000000000
2643781867.0000000000
2644688833.5000000000
2645550662.0000000000
2646589583.5000000000
2648027460.0000000000
2649788977.5000000000
2652549437.0000000000
2653260540.5000000000
2653660814.0000000000
2654381522.5000000000
2655384628.0000000000
2657022214.5000000000
2657249000.0000000000
2658296457.0000000000
2660701808.5000000000
2662330110.0000000000
2662526257.0000000000
2662898399.5000000000
2663637057.0000000000
2664873687.0000000000
2665226923.0000000000
2665523912.0000000000
2666931225.5000000000
2668207315.5000000000
2669110342.0000000000
2670208922.0000000000
2670833661.5000000000
2671638717.0000000000
2672524247.5000000000
2673773950.0000000000
2673957259.5000000000
2675555658.0000000000
2676204489.5000000000
2677482862.0000000000
2680205288.0000000000
2680803314.0000000000
2681765922.0000000000
2682871197.5000000000
2684124903.5000000000
2685420402.5000000000
2686123660.0000000000
2688221820.0000000000
2688915845.0000000000
2689891922.5000000000
2690737119.0000000000
2691642385.0000000000
2693749537.5000000000
2694389156.0000000000
2695507836.0000000000
2696998334.0000000000
2698765614.0000000000
2699902593.0000000000
2701001711.0000000000
2702445459.0000000000
2702887338.0000000000
2704228655.0000000000
2705940134.5000000000
2706745508.0000000000
2707835177.5000000000
2708634477.0000000000
2709729601.0000000000
2710829454.0000000000
2711197760.0000000000
2713050642.0000000000
2714028691.0000000000
2714855834.5000000000
2715821072.0000000000
2717078887.0000000000
2717246029.0000000000
2720739565.5000000000
2722019565.0000000000
2722933508.5000000000
2725222082.0000000000
2726102814.5000000000
2726480019.0000000000
2727777481.0000000000
2728845521.0000000000
2730569033.5000000000
2731068254.5000000000
2732061008.0000000000
2733197863.5000000000
2736218183.0000000000
2736475890.5000000000
2737509134.0000000000
2738340956.0000000000
2739706851.5000000000
2740773738.5000000000
2741773109.0000000000
2742644985.5000000000
2743752344.5000000000
2744309503.0000000000
2745708125.0000000000
2746490506.0000000000
2746921482.5000000000
2747902175.5000000000
2748708814.0000000000
2748853952.5000000000
2750364688.5000000000
2751144593.5000000000
2751636652.0000000000
2753015463.0000000000
2754140880.5000000000
2754296896.5000000000
2754454777.0000000000
2754994371.0000000000
2755239901.0000000000
2948861555.5000000000
2949474487.5000000000
2949715740.5000000000
2950683952.5000000000
2951834229.5000000000
2952189890.5000000000
2953763287.5000000000
2954775682.0000000000
2955789773.5000000000
2956952207.5000000000
2957305221.5000000000
2957675895.5000000000
2958348965.0000000000
2959396308.5000000000
2961344335.5000000000
2962366879.0000000000
2963288150.0000000000
2963793280.5000000000
2964340563.5000000000
2966578470.5000000000
2971059499.0000000000
2972245768.5000000000
2973376825.0000000000
2974623726.5000000000
2981001617.0000000000
2981137670.5000000000
2981595779.0000000000
2982627452.0000000000
2983381885.0000000000
2984554834.0000000000
2985620485.5000000000
2986623741.0000000000
2988159319.0000000000
2989440308.0000000000
2996296905.5000000000
2996410054.0000000000
2999269098.0000000000
3000944087.5000000000
3001893125.0000000000
3003285916.0000000000
3003625118.5000000000
3004486133.0000000000
3005540527.0000000000
3006393136.0000000000
3007087221.0000000000
3008016985.0000000000
3008375161.0000000000
3009691203.0000000000
3010497321.0000000000
3011418902.0000000000
3013685493.0000000000
3013866477.0000000000
3015173831.5000000000
3015278798.0000000000
3015300921.0000000000
3016664695.5000000000
3017780390.5000000000
3018143581.0000000000
3018815532.0000000000
3018879851.5000000000
3019834532.5000000000
3022162199.5000000000
3024072588.0000000000
3024182875.0000000000
3024949352.0000000000
3025079461.5000000000
3027393649.0000000000
3027592219.0000000000
3031455256.5000000000
3032848652.5000000000
3033378893.0000000000
3034792457.5000000000
3036031127.5000000000
3038333060.0000000000
3038804476.5000000000
3039781442.0000000000
3041283229.5000000000
3043465842.5000000000
3044908227.0000000000
3045700012.5000000000
3046580749.0000000000
3046858072.5000000000
3048155740.0000000000
3048679463.0000000000
3048876786.0000000000
3052715295.0000000000
3053302886.5000000000
3053843644.5000000000
3055172723.5000000000
3055869730.0000000000
3057880575.0000000000
3058314821.0000000000
3059061879.5000000000
3060252309.0000000000
3061982780.5000000000
3062322160.0000000000
3063359136.5000000000
3064183803.5000000000
3065578151.0000000000
3065873112.0000000000
3066971628.5000000000
3068301099.5000000000
3070023417.0000000000
3070806924.5000000000
3071017644.5000000000
3071844486.5000000000
3073341516.5000000000
3077334616.0000000000
3077544925.0000000000
3081829272.5000000000
3082432021.0000000000
3082979186.0000000000
3083686515.0000000000
3084323106.5000000000
3087998798.5000000000
3088697538.5000000000
3089461283.5000000000
3090834417.0000000000
3091399583.0000000000
3092555704.0000000000
3093237380.0000000000
3094342374.5000000000
3094961303.5000000000
3095505991.0000000000
3095694588.0000000000
3098884196.5000000000
3099150189.5000000000
3100735164.0000000000
3100782282.5000000000
3101863789.0000000000
3103535174.5000000000
3103749601.0000000000
3105312760.0000000000
3109626529.5000000000
3110098570.5000000000
3112149411.0000000000
3112243551.5000000000
3112987871.0000000000
3114414712.5000000000
3114865889.0000000000
3115517616.0000000000
3116154384.0000000000
3117534074.5000000000
3118290276.5000000000
3120387740.5000000000
3121074456.0000000000
3121738495.5000000000
3123061245.5000000000
3123488746.5000000000
3124655199.0000000000
3126249947.5000000000
3126875049.0000000000
4031600845.0000000000
4032660199.0000000000
4033705660.5000000000
4034722457.5000000000
4036502105.5000000000
4037501215.5000000000
4037640734.5000000000
4038078586.5000000000
4038842314.5000000000
4039939864.0000000000
4040934171.0000000000
4041891458.5000000000
4042668053.0000000000
4043743397.0000000000
4043984845.0000000000
4045855372.5000000000
4046784056.0000000000
4049020996.0000000000
4050259085.5000000000
4051176309.0000000000
4051945431.5000000000
4052855716.0000000000
4053873701.5000000000
4054767114.5000000000
4055511560.5000000000
4056812852.5000000000
4057597914.0000000000
4058447399.5000000000
4058736161.5000000000
4059465335.5000000000
4059974683.5000000000
4060658828.0000000000
4063361270.5000000000
4063661507.0000000000
4063897575.5000000000
4064736659.5000000000
4066179977.5000000000
4068206174.5000000000
4069144417.0000000000
4070245391.0000000000
4071221860.0000000000
4072140212.0000000000
4073274040.0000000000
4074059886.5000000000
4075203339.5000000000
4076271198.5000000000
4077063804.5000000000
4078172258.5000000000
4079131367.0000000000
4080085271.0000000000
4080941002.5000000000
4082036486.0000000000
4082635600.5000000000
4083538212.5000000000
4084237156.5000000000
4085312378.5000000000
4085994846.0000000000
4088021286.5000000000
4088552267.0000000000
4089757465.5000000000
4093906841.5000000000
4095044622.0000000000
4096410668.0000000000
4097075784.0000000000
4098185919.0000000000
4099508718.0000000000
4100720230.5000000000
4101175181.5000000000
4102354995.0000000000
4103453211.0000000000
4104401627.0000000000
4107202720.0000000000
4107834668.0000000000
4108893046.5000000000
4109944994.0000000000
4110808528.5000000000
4111713821.0000000000
4112022046.0000000000
4112756143.5000000000
4113794625.0000000000
4114674436.5000000000
4116249275.5000000000
4117327570.5000000000
4118202600.5000000000
4119561607.0000000000
4120057581.5000000000
4120851349.5000000000
4122492333.5000000000
4124339504.0000000000
4124917139.5000000000
4126044669.0000000000
4127458059.5000000000
4128111252.0000000000
4128200821.0000000000
4128936590.0000000000
4131045726.5000000000
4131929926.0000000000
4132562654.5000000000
4133269302.5000000000
4134496822.0000000000
4135615718.0000000000
4136092668.5000000000
4137108756.0000000000
4138114636.0000000000
4139151158.5000000000
4139644386.0000000000
4141731499.5000000000
4142781764.0000000000
4143609689.5000000000
4144323470.5000000000
4145635930.5000000000
4146436690.0000000000
4147250138.5000000000
4148131191.0000000000
4148995259.5000000000
4149761613.5000000000
4150689140.0000000000
4152546576.0000000000
4153668516.0000000000
4154058437.5000000000
4155361955.5000000000
4156384017.0000000000
4157463415.0000000000
4159459655.5000000000
4160652636.0000000000
4161237497.0000000000
4162339123.0000000000
4163055527.5000000000
4163829486.5000000000
4165764312.0000000000
4166451966.0000000000
4168114645.5000000000
4168934905.0000000000
4170925969.0000000000
4172058128.5000000000
4173174191.0000000000
4174444237.0000000000
4175411869.5000000000
4176012831.0000000000
4177094364.0000000000
4179400394.5000000000
4180383848.5000000000
4181413538.5000000000
4182349475.5000000000
4182975104.5000000000
4183049495.5000000000
4183188267.0000000000
4183286466.0000000000
4183938451.0000000000
4184920460.5000000000
4186156215.5000000000
4186862510.5000000000
4187757159.5000000000
4189164069.0000000000
4190316774.5000000000
4191109474.5000000000
4191248433.5000000000
4193502250.5000000000
4195051867.0000000000
4195887181.5000000000
4196618689.5000000000
4198644651.5000000000
4198837367.5000000000
4201052707.0000000000
4201330362.0000000000
4544255821.0000000000
4544661875.5000000000
4545388389.5000000000
4546371513.0000000000
4549454565.0000000000
4550019068.0000000000
4550913080.5000000000
4551715607.0000000000
4552674110.5000000000
4553824447.0000000000
4554079644.0000000000
4555540205.5000000000
4556693215.0000000000
4557882297.5000000000
4560639440.0000000000
4561522894.0000000000
4563173866.5000000000
4563775226.5000000000
4564894688.5000000000
4565307577.0000000000
4567436420.5000000000
4568251180.0000000000
4569535881.5000000000
4570507816.0000000000
4571748367.5000000000
4572208483.5000000000
4573222890.5000000000
4573968041.5000000000
4576044050.0000000000
4577484671.0000000000
4577900256.0000000000
4578878931.0000000000
4579933824.0000000000
4581183647.0000000000
4581951840.0000000000
4584957858.0000000000
4586409699.5000000000
4587204681.0000000000
4588247475.0000000000
4589013331.5000000000
4589602705.0000000000
4589721214.0000000000
4590324620.5000000000
4592446216.0000000000
4593446012.5000000000
4594027573.5000000000
4595161028.0000000000
4596196796.5000000000
4598193306.5000000000
4598631497.5000000000
4598782923.0000000000
4599695087.5000000000
4600270186.0000000000
4605398748.5000000000
4606009285.5000000000
4607830396.5000000000
4608718383.5000000000
4609016930.5000000000
4610134268.0000000000
4610628362.5000000000
4611338109.0000000000
4612181181.5000000000
4613768427.5000000000
4615066901.0000000000
4615247371.5000000000
4616784236.0000000000
4617761008.5000000000
4619287355.0000000000
4619742600.5000000000
4620503774.5000000000
4621096535.0000000000
4622290544.0000000000
4623156389.5000000000
4624228230.0000000000
4626020807.0000000000
4627512367.0000000000
4628126906.0000000000
4629678619.5000000000
4629680782.5000000000
4629818608.5000000000
4632096069.0000000000
4633718468.5000000000
4636149959.5000000000
4637095962.0000000000
4637914103.5000000000
4638999121.0000000000
4640097928.5000000000
4640713665.5000000000
4641624304.5000000000
4642271530.0000000000
4642679541.0000000000
4644024865.5000000000
4645289601.0000000000
4645718748.0000000000
4646721824.0000000000
4648382916.0000000000
4650128955.5000000000
4650727043.0000000000
4651659233.5000000000
4652783743.0000000000
4653618433.0000000000
4655054769.5000000000
4655689561.5000000000
4656791284.5000000000
4657702982.5000000000
4658448781.0000000000
4658659496.0000000000
4659107061.5000000000
4661409371.5000000000
4662472112.0000000000
4664085164.0000000000
4665323986.5000000000
4666408931.5000000000
4667446176.5000000000
4668883276.5000000000
4669878710.0000000000
4670179057.5000000000
4671179889.0000000000
4672011309.5000000000
4672867595.5000000000
4673913612.0000000000
4676633487.0000000000
4677456555.5000000000
4679033267.0000000000
4679386010.0000000000
4680697842.5000000000
4681075392.0000000000
4681883178.0000000000
4683532849.0000000000
4683660449.0000000000
4685574499.0000000000
4687605744.0000000000
4688647652.5000000000
4691161133.5000000000
4692381974.0000000000
4694258277.5000000000
4696442406.5000000000
4696931686.5000000000
4697809301.0000000000
4698661585.0000000000
4699951496.0000000000
4700261669.0000000000
4701286846.5000000000
4701426614.0000000000
5338457941.0000000000
5338581453.0000000000
5340253947.5000000000
5341130882.0000000000
5342170743.5000000000
5342474730.5000000000
5342863304.0000000000
5343368450.0000000000
5344090619.0000000000
5346575566.5000000000
5347813036.5000000000
5348294513.5000000000
5348848844.5000000000
5349704526.0000000000
5349848778.5000000000
5352207687.0000000000
5353200575.5000000000
5353466666.0000000000
5354354968.0000000000
5354488375.5000000000
5355819767.5000000000
5356290481.0000000000
5356487562.0000000000
5357842921.0000000000
5358734756.5000000000
5359613697.0000000000
5360982169.5000000000
5362158864.5000000000
5364134304.0000000000
5365200656.5000000000
5367616464.5000000000
5367816651.5000000000
5368796646.0000000000
5368929045.0000000000
5369058047.5000000000
5369890472.5000000000
5370515840.5000000000
5370835229.5000000000
5372134104.0000000000
5374208571.5000000000
5375957992.5000000000
5377350108.0000000000
5378014158.0000000000
5384521608.0000000000
5385850601.5000000000
5385884740.0000000000
5386635431.0000000000
5386987256.0000000000
5387907785.5000000000
5388539434.0000000000
5389802930.0000000000
5390354976.0000000000
5391250107.0000000000
5392803273.5000000000
5394165739.5000000000
5394410815.0000000000
5395208004.5000000000
5395354595.0000000000
5396555171.0000000000
5399040328.0000000000
5399223548.5000000000
5399717295.5000000000
5399803856.5000000000
5401747716.0000000000
5402653684.0000000000
5403286241.5000000000
5404326325.0000000000
5405341043.0000000000
5406602514.0000000000
5407335534.0000000000
5409730471.5000000000
5410616206.0000000000
5410844485.0000000000
5412623441.0000000000
5412913445.0000000000
5414289338.0000000000
5414926884.0000000000
5415978992.5000000000
5416708020.0000000000
5417642124.0000000000
5418403904.5000000000
5418822914.0000000000
5419460400.0000000000
5421298995.5000000000
5422062679.0000000000
5423339878.0000000000
5424770060.0000000000
5425775738.0000000000
5426618600.0000000000
5427472559.0000000000
5428984959.0000000000
5429757767.5000000000
5431011327.0000000000
5432207159.0000000000
5433049487.0000000000
5434906573.0000000000
5436338778.5000000000
5438399812.5000000000
5438855045.0000000000
5439670774.0000000000
5440925110.5000000000
5441989590.5000000000
5442354454.5000000000
5443144857.0000000000
5446082037.5000000000
5447548016.5000000000
5449209472.5000000000
5449625801.5000000000
5450602317.0000000000
5451527771.5000000000
5452863723.0000000000
5454410487.5000000000
5455408453.5000000000
5455681538.5000000000
5456905556.0000000000
5457813495.0000000000
5459806543.0000000000
5459826602.5000000000
5460619084.0000000000
5461815873.5000000000
5462937768.0000000000
5463751925.5000000000
5464708605.0000000000
5465857866.0000000000
5467680603.0000000000
5469306487.0000000000
5469987651.5000000000
5470958627.0000000000
5472587176.5000000000
5473372960.0000000000
5474656454.5000000000
5476284951.0000000000
5477364406.0000000000
5478474241.0000000000
5479557782.5000000000
5480780518.0000000000
5481812263.0000000000
5776932609.0000000000
5779312775.0000000000
5779686268.5000000000
5780711327.0000000000
5782002156.0000000000
5782096683.5000000000
5783124318.0000000000
5783747211.0000000000
5785076653.5000000000
5785540791.5000000000
5786836673.0000000000
5787143150.0000000000
5788373464.5000000000
5788596898.5000000000
5789422189.0000000000
5790020591.0000000000
5790929253.5000000000
5791651665.0000000000
5792418884.5000000000
5793341429.5000000000
5794174890.0000000000
5795034666.5000000000
5795934137.0000000000
5796639458.0000000000
5797534454.5000000000
5798347441.5000000000
5800720281.0000000000
5801420345.5000000000
5802256825.0000000000
5803024977.0000000000
5803852409.0000000000
5804758327.0000000000
5805376972.0000000000
5806010469.0000000000
5806857709.5000000000
5828161664.5000000000
5839190590.0000000000
5839620226.0000000000
5840329128.5000000000
5841350106.5000000000
5842137112.0000000000
5843128282.5000000000
5843680015.5000000000
5844457641.5000000000
5846269994.0000000000
5846949652.0000000000
5847684661.0000000000
5848814828.5000000000
5849387463.5000000000
5850237436.5000000000
5851048479.5000000000
5851826641.5000000000
5852874950.5000000000
5853511667.5000000000
5854119566.5000000000
5855045353.0000000000
5855947943.5000000000
5856752568.0000000000
5857650373.5000000000
5858101848.0000000000
5858196205.5000000000
5858316019.0000000000
5858663674.5000000000
5859477487.5000000000
5860535755.0000000000
5861006399.5000000000
5861988446.5000000000
5863085010.0000000000
5864053271.5000000000
5865273020.0000000000
5865979543.0000000000
5866154317.5000000000
5866811510.5000000000
5867881296.5000000000
5868381953.5000000000
5869372371.5000000000
5869514696.0000000000
5869663844.0000000000
5869995718.0000000000
5870810301.5000000000
5871526310.0000000000
5872254127.0000000000
5874061163.5000000000
5875314643.5000000000
5875946205.5000000000
5876994863.5000000000
5878105004.0000000000
5879027465.5000000000
5879913728.0000000000
5880692352.5000000000
5881694908.0000000000
5882427220.5000000000
5883291662.0000000000
5884404694.5000000000
5885377551.5000000000
5885656092.5000000000
5885703321.0000000000
5885833497.5000000000
5886717332.0000000000
5887166836.0000000000
5887792889.5000000000
5888272100.0000000000
5889170973.5000000000
5889983117.0000000000
5890105176.5000000000
5890824545.5000000000
5891937769.5000000000
5892735465.0000000000
5893848996.5000000000
5894547861.0000000000
5895216660.0000000000
5896287129.0000000000
5897345874.5000000000
5898387532.0000000000
5899592145.5000000000
5900922029.0000000000
5901514394.0000000000
5901887368.0000000000
5902997991.5000000000
5903688343.0000000000
5904638198.5000000000
5906165427.0000000000
5909306175.0000000000
6478618679.0000000000
6479634243.5000000000
6482766152.5000000000
6483963824.5000000000
6484548146.0000000000
6486494079.0000000000
6488297323.5000000000
6490111683.0000000000
6491397529.0000000000
6492658974.5000000000
6493287632.5000000000
6494386693.0000000000
6495341496.5000000000
6496080844.5000000000
6496898605.0000000000
6498106008.5000000000
6498662953.0000000000
6499432745.5000000000
6500481607.5000000000
6501215814.5000000000
6502263103.5000000000
6503200320.0000000000
6504045165.0000000000
6504863681.5000000000
6506032506.5000000000
6507081710.5000000000
6507922118.5000000000
6509006128.0000000000
6509939224.5000000000
6511279785.0000000000
6511822424.5000000000
6512704372.0000000000
6513927739.0000000000
6515064499.5000000000
6515729567.5000000000
6516713494.0000000000
6521013232.0000000000
6523340617.0000000000
6523896502.0000000000
6525597855.5000000000
6525859607.0000000000
6526531764.0000000000
6526821051.0000000000
6529712184.0000000000
6530456153.0000000000
6531482805.5000000000
6532299251.0000000000
6533142475.5000000000
6534240854.0000000000
6535088691.5000000000
6536700793.5000000000
6537607000.5000000000
6538320378.5000000000
6539410928.0000000000
6540356425.5000000000
6541307904.5000000000
6542582259.5000000000
6543245768.0000000000
6544326563.0000000000
6545051369.0000000000
6546961316.5000000000
6547813773.5000000000
6548989774.5000000000
6550139675.5000000000
6550791315.5000000000
6551332648.0000000000
6552258355.0000000000
6553393642.5000000000
6554370503.0000000000
6555528468.0000000000
6556385344.0000000000
6557352037.0000000000
6559221778.5000000000
6559829600.5000000000
6561766796.0000000000
6562921810.5000000000
6563621516.0000000000
6564547305.5000000000
6565323224.0000000000
6566803709.5000000000
6566887992.0000000000
6566987162.5000000000
6567766924.5000000000
6567880324.0000000000
6568579727.5000000000
6569333839.0000000000
6570219474.5000000000
6570976144.5000000000
6572022890.0000000000
6573051124.5000000000
6574494540.0000000000
6574898680.5000000000
6575674360.5000000000
6576902853.0000000000
6578204913.5000000000
6578971571.5000000000
6580186829.0000000000
6580409319.5000000000
6580536234.0000000000
6581934856.0000000000
6583128610.5000000000
6584032368.0000000000
6584979022.0000000000
6585733189.0000000000
6586591633.5000000000
6587493859.0000000000
6588720247.0000000000
6590251877.5000000000
6591160304.0000000000
6592170481.0000000000
6593130334.5000000000
6594100351.5000000000
6595107426.0000000000
6595998665.5000000000
6596788421.0000000000
6597680319.5000000000
6598807709.0000000000
6599774097.5000000000
6600629784.5000000000
6600748263.0000000000
6601504236.0000000000
6602482776.0000000000
6603377304.0000000000
6604237395.0000000000
6605537198.5000000000
6606105276.0000000000
6607235692.0000000000
6608143339.5000000000
6609168548.0000000000
6609764588.5000000000
6611064050.0000000000
6612353444.0000000000
6884547890.0000000000
6885022890.0000000000
6885581693.0000000000
6885728975.0000000000
6886854487.5000000000
6888687687.5000000000
6888948425.5000000000
6889853289.5000000000
6891018961.0000000000
6892043079.0000000000
6892534923.5000000000
6893592898.5000000000
6893952401.0000000000
6895233003.5000000000
6895849544.0000000000
6897321677.5000000000
6898193136.0000000000
6899747380.0000000000
6900561624.0000000000
6901419642.5000000000
6902244156.0000000000
6903780545.0000000000
6904249899.0000000000
6904890109.0000000000
6905917249.5000000000
6907261054.0000000000
6908366963.0000000000
6910342858.0000000000
6911256893.0000000000
6912117414.0000000000
6913121438.5000000000
6913694445.5000000000
6914947503.5000000000
6917907339.0000000000
6918963551.0000000000
6920008166.0000000000
6920866856.5000000000
6921084198.0000000000
6921753089.5000000000
6922786180.0000000000
6923751528.5000000000
6924640870.5000000000
6926560152.0000000000
6927286654.0000000000
6928167108.5000000000
6929222475.5000000000
6929794731.5000000000
6931172331.0000000000
6932550390.5000000000
6933788299.0000000000
6934334447.5000000000
6936885447.0000000000
6941984394.0000000000
6942323669.5000000000
6943377757.0000000000
6944021045.5000000000
6946053754.5000000000
6948073535.5000000000
6948631086.0000000000
6949495966.0000000000
6949538476.5000000000
6950906163.5000000000
6951108154.0000000000
6951839998.5000000000
6952517050.0000000000
6953156553.0000000000
6953991422.0000000000
6954601720.5000000000
6955408714.0000000000
6955795643.0000000000
6956451761.5000000000
6956547527.0000000000
6957770623.5000000000
6959165072.5000000000
6959553334.0000000000
6960859529.0000000000
6962297923.0000000000
6963119856.5000000000
6963225625.5000000000
6965192750.0000000000
6965788972.0000000000
6966799462.0000000000
6967531536.5000000000
6968444633.0000000000
6969575991.0000000000
6970185149.5000000000
6971895093.5000000000
6972311809.0000000000
6972719808.5000000000
6974067207.0000000000
6975017670.0000000000
6975940504.5000000000
6977926528.5000000000
6978102129.5000000000
6979094710.5000000000
6979926682.0000000000
6980228584.0000000000
6980947396.5000000000
6981194620.0000000000
6982051165.5000000000
6982754647.0000000000
6983336530.0000000000
6984327673.5000000000
6986796670.0000000000
6987333826.5000000000
6988437824.5000000000
6988943275.5000000000
6989212178.0000000000
6989416987.5000000000
6989803929.5000000000
6990078946.5000000000
6990995191.5000000000
6992132593.5000000000
6993236458.5000000000
6994337096.0000000000
6994685952.5000000000
6994758782.0000000000
6995484434.5000000000
6996773006.5000000000
6997701791.5000000000
6998456297.5000000000
6999156283.0000000000
6999946349.0000000000
7001080047.5000000000
7002179324.0000000000
7002946136.5000000000
7003556915.5000000000
7004383024.5000000000
7005729451.5000000000
7006197833.5000000000
7007793770.0000000000
7009130568.0000000000
7010275870.5000000000
7011485633.0000000000
7011592104.0000000000
7012979213.5000000000
7013412504.0000000000
7013929642.5000000000
7014928784.5000000000
7016338601.5000000000
7016769695.5000000000
7017980427.0000000000
7019358177.5000000000
7019591194.0000000000
7021025216.0000000000
7021484863.0000000000
7287780043.0000000000
7288742569.5000000000
7289576422.0000000000
7290830724.5000000000
7291741161.0000000000
7291899078.0000000000
7292901515.0000000000
7293545599.0000000000
7295537956.5000000000
7296705769.0000000000
7297761813.0000000000
7298524663.0000000000
7299145506.0000000000
7300478058.5000000000
7301179099.5000000000
7302213527.0000000000
7303205703.0000000000
7303749693.0000000000
7304475992.5000000000
7306156705.5000000000
7307247256.0000000000
7308976098.5000000000
7310787209.0000000000
7311945608.5000000000
7313607480.5000000000
7313724319.0000000000
7313963300.0000000000
7314835115.0000000000
7316580195.0000000000
7316960641.0000000000
7317849721.5000000000
7318743562.0000000000
7319111277.0000000000
7320289327.0000000000
7321019190.0000000000
7321631516.5000000000
7326971563.5000000000
7327094990.5000000000
7328719885.0000000000
7329314060.5000000000
7330342050.5000000000
7331131959.5000000000
7332069159.5000000000
7333102726.0000000000
7334392816.0000000000
7335462950.5000000000
7336076673.5000000000
7337135654.0000000000
7338851959.5000000000
7339661764.5000000000
7340729891.5000000000
7341217545.5000000000
7341477129.5000000000
7342390350.0000000000
7343437227.0000000000
7344392090.5000000000
7345132847.5000000000
7345420184.0000000000
7345487297.5000000000
7347571297.0000000000
7348348051.5000000000
7349618271.0000000000
7350372876.0000000000
7350619444.5000000000
7352064431.0000000000
7352537782.0000000000
7353521918.5000000000
7355173453.0000000000
7355845920.0000000000
7356724058.5000000000
7359200418.0000000000
7359972943.5000000000
7361594533.5000000000
7362622687.0000000000
7363515518.0000000000
7364002660.0000000000
7365574338.0000000000
7366045798.5000000000
7367893371.0000000000
7368284302.5000000000
7369344955.0000000000
7369906820.0000000000
7371110880.5000000000
7372548946.5000000000
7373001372.5000000000
7374352382.5000000000
7374829160.5000000000
7376162095.0000000000
7376854367.0000000000
7378247388.5000000000
7379128176.0000000000
7379934636.0000000000
7381865180.5000000000
7381891596.5000000000
7382918488.0000000000
7383230745.5000000000
7384137369.5000000000
7384828689.5000000000
7386670098.5000000000
7387914951.0000000000
7389061805.0000000000
7389751911.5000000000
7389955482.5000000000
7390923382.0000000000
7392022367.5000000000
7394547262.0000000000
7395343047.5000000000
7396629873.5000000000
7398073757.5000000000
7399939694.5000000000
7400944833.0000000000
7402213464.5000000000
7402962478.0000000000
7403709254.0000000000
7404964527.0000000000
7405424701.0000000000
7406317500.5000000000
7407341006.0000000000
7407627197.0000000000
7408512987.0000000000
7409813370.0000000000
7410585729.5000000000
7412027293.5000000000
7412846942.5000000000
7414427895.5000000000
7414631428.0000000000
7415585528.5000000000
7416586644.5000000000
7416895636.5000000000
7417386602.5000000000
7418153021.0000000000
7418717837.5000000000
7418890614.0000000000
7702983150.5000000000
7703787518.0000000000
7704982905.5000000000
7705917400.5000000000
7706887316.0000000000
7707959437.0000000000
7709122287.5000000000
7709892614.0000000000
7710084220.0000000000
7710837588.0000000000
7711363151.0000000000
7711830532.0000000000
7712833786.0000000000
7713892323.0000000000
7715099291.5000000000
7715704282.0000000000
7716786057.0000000000
7716850894.0000000000
7717994180.5000000000
7718912399.5000000000
7719838742.0000000000
7721020988.0000000000
7721775649.5000000000
7722509858.5000000000
7723319335.0000000000
7724383691.0000000000
7725115319.0000000000
7726159233.0000000000
7727157832.0000000000
7728080699.0000000000
7728957783.5000000000
7729727616.0000000000
7730976456.5000000000
7731759857.5000000000
7731859841.0000000000
7732917016.5000000000
7734330782.5000000000
7735258255.5000000000
7736168328.0000000000
7736803982.0000000000
7737704056.5000000000
7739356353.5000000000
7739657866.0000000000
7740485116.0000000000
7741602909.0000000000
7742599432.5000000000
7743673561.5000000000
7744698867.0000000000
7745981113.5000000000
7746905368.0000000000
7748662366.5000000000
7749306068.5000000000
7750240679.0000000000
7751353331.0000000000
7752129012.5000000000
7753119609.0000000000
7754255147.5000000000
7755073305.0000000000
7756545257.5000000000
7757139731.5000000000
7758386823.5000000000
7759262825.5000000000
7760469837.0000000000
7761771228.5000000000
7761931624.5000000000
7762971946.0000000000
7764625513.0000000000
7764832154.0000000000
7766016368.0000000000
7766583985.5000000000
7767743560.5000000000
7769021008.5000000000
7770726944.0000000000
7771320218.5000000000
7772347922.0000000000
7772949814.0000000000
7773773142.0000000000
7774826667.0000000000
7775758558.5000000000
7776980857.5000000000
7777706709.5000000000
7778826509.0000000000
7779787764.5000000000
7780605188.5000000000
7781758269.5000000000
7783301639.5000000000
7783558638.0000000000
7784787681.0000000000
7785803650.5000000000
7786748145.0000000000
7787723372.0000000000
7789763516.5000000000
7791008417.5000000000
7791754995.5000000000
7792645076.5000000000
7793696279.0000000000
7794985648.0000000000
7796102568.0000000000
7796507657.5000000000
7797167750.5000000000
7798023221.5000000000
7798104748.0000000000
8045209463.5000000000
8046022627.0000000000
8048091415.5000000000
8049211857.0000000000
8050191353.0000000000
8051207353.5000000000
8052212784.5000000000
8053174645.0000000000
8054017874.0000000000
8054893461.5000000000
8055805484.5000000000
8057087542.0000000000
8058024862.5000000000
8058482531.0000000000
8060496808.0000000000
8061263399.5000000000
8062680754.0000000000
8062981025.0000000000
8064007314.0000000000
8065021728.0000000000
8066030618.0000000000
8066928396.0000000000
8067591794.5000000000
8068879719.0000000000
8069463257.0000000000
8070375630.5000000000
8071557402.0000000000
8072231533.5000000000
8074474972.0000000000
8075034041.5000000000
8076447314.0000000000
8077376328.5000000000
8078691879.5000000000
8079150397.0000000000
8079985497.0000000000
8081249916.0000000000
8082052031.0000000000
8083908668.0000000000
8085815910.5000000000
8086633011.5000000000
8087481781.5000000000
8088936597.5000000000
8089800167.0000000000
8090616946.0000000000
8091433573.0000000000
8092476974.5000000000
8093602188.0000000000
8094186144.0000000000
8095390024.5000000000
8097827666.0000000000
8099985122.5000000000
8100202319.5000000000
8101436925.5000000000
8102437092.0000000000
8103114413.0000000000
8104572631.5000000000
8105124293.5000000000
8106271510.0000000000
8106977447.5000000000
8107937712.5000000000
8109620799.0000000000
8109951488.5000000000
8111848745.0000000000
8112603612.0000000000
8113778424.5000000000
8117169314.0000000000
8118357836.0000000000
8119732490.5000000000
8120683672.5000000000
8120981675.5000000000
8121919539.5000000000
8122850446.5000000000
8123623545.5000000000
8124864017.0000000000
8125957854.0000000000
8126530281.0000000000
8127978757.5000000000
8128879168.0000000000
8131382492.0000000000
8364871270.0000000000
8365555726.0000000000
8366446766.0000000000
8367831101.5000000000
8368756536.0000000000
8369474265.5000000000
8369977731.0000000000
8370658362.5000000000
8371545403.5000000000
8372553146.0000000000
8375726460.0000000000
8376892933.5000000000
8377846158.5000000000
8378700398.0000000000
8379742265.0000000000
8382425847.0000000000
8382798886.5000000000
8383612707.5000000000
8384415483.0000000000
8385444027.5000000000
8385709234.5000000000
8386618104.0000000000
8387647303.5000000000
8388279759.5000000000
8389355836.0000000000
8390507102.0000000000
8391057529.5000000000
8393147083.5000000000
8393841631.0000000000
8394744101.0000000000
8396868337.5000000000
8397621883.0000000000
8399146694.5000000000
8400134399.5000000000
8400747297.5000000000
8401866233.0000000000
8402348710.5000000000
8405388443.0000000000
8407516872.5000000000
8409270558.0000000000
8409451545.5000000000
8409616789.0000000000
8410402897.5000000000
8412434346.0000000000
8414606407.5000000000
8415383173.0000000000
8415980739.5000000000
8416431894.5000000000
8417319173.0000000000
8419038058.0000000000
8419735096.0000000000
8420828817.0000000000
8421838914.0000000000
8422809871.0000000000
8424196075.5000000000
8425314608.0000000000
8425576201.0000000000
8425894191.0000000000
8427636345.5000000000
8428452692.5000000000
8429973093.0000000000
8432334630.5000000000
8433095166.5000000000
8433534263.5000000000
8433971096.5000000000
8434294006.0000000000
8436637807.5000000000
8437413198.5000000000
8438096553.5000000000
8440692658.0000000000
8442262746.0000000000
8442368401.0000000000
8443713235.0000000000
8443957858.5000000000
8445280694.0000000000
8445318012.5000000000
8647808615.0000000000
8648465548.0000000000
8649890655.5000000000
8651493362.0000000000
8651983330.5000000000
8652237470.5000000000
8653715024.5000000000
8654254373.0000000000
8655297242.5000000000
8656144245.0000000000
8657006911.0000000000
8657775081.0000000000
8658971870.5000000000
8659685684.5000000000
8661326355.0000000000
8662047859.0000000000
8662792646.5000000000
8663387405.5000000000
8665061499.5000000000
8668900204.5000000000
8669268715.0000000000
8669678389.5000000000
8671628307.5000000000
8673087790.0000000000
8673574234.0000000000
8676200832.5000000000
8677398619.0000000000
8677628524.0000000000
8679165196.0000000000
8679610453.5000000000
8685769028.0000000000
8687538328.0000000000
8688403202.5000000000
8688942205.5000000000
8689770251.0000000000
8690815605.5000000000
8691764195.0000000000
8693137373.5000000000
8693696640.0000000000
8694773245.0000000000
8697482701.0000000000
8698103713.5000000000
8699699632.0000000000
8700338746.0000000000
8701162555.5000000000
8702148727.5000000000
8702743466.5000000000
8704760474.5000000000
8705814101.5000000000
8706561045.5000000000
8706906195.0000000000
8707149960.0000000000
8707753896.5000000000
8708794489.5000000000
8710076870.5000000000
8710390780.0000000000
8710594799.0000000000
8712130235.0000000000
8713808401.5000000000
8714604859.5000000000
8715673598.0000000000
8716193972.5000000000
8716272929.5000000000
8717444044.5000000000
8719891807.5000000000
8720874074.0000000000
8723226211.5000000000
8724507972.5000000000
8728732451.0000000000
8728891669.0000000000
8914011846.0000000000
8914932522.5000000000
8916627527.0000000000
8917549603.5000000000
8918314484.5000000000
8919408184.0000000000
8920452978.0000000000
8921292919.0000000000
8921684703.5000000000
8921879952.5000000000
8922035723.0000000000
8922775217.5000000000
8923871791.5000000000
8924441466.5000000000
8926289215.5000000000
8927270668.5000000000
8927588411.5000000000
8928621136.5000000000
8929688766.0000000000
8930905747.0000000000
8931665998.5000000000
8932193759.0000000000
8933339596.5000000000
8934264361.0000000000
8939059291.0000000000
8939914733.0000000000
8940599241.0000000000
8941757301.5000000000
8942197874.5000000000
8943645541.5000000000
8944108934.5000000000
8944964070.0000000000
8945351384.5000000000
8946201614.5000000000
8947212522.5000000000
8948452461.0000000000
8949022665.0000000000
8949483007.0000000000
8949693169.0000000000
8950202067.5000000000
8950973736.5000000000
8951321242.5000000000
8951867666.5000000000
8951946078.0000000000
8952413789.5000000000
8953436230.0000000000
8954422629.5000000000
8954495815.0000000000
8955269005.5000000000
8955732403.0000000000
8957117907.0000000000
8957603132.0000000000
8958252411.5000000000
8959151370.5000000000
8960259607.0000000000
8962172091.5000000000
8962512411.5000000000
8964156804.5000000000
8964834803.5000000000
8965333241.0000000000
8966427922.5000000000
8968323405.0000000000
8968933935.5000000000
8969842853.0000000000
8970441167.5000000000
8971026686.0000000000
8971779936.5000000000
8972967456.0000000000
8973023323.5000000000
8973658279.5000000000
8974309754.5000000000
8975695421.5000000000
8977530724.5000000000
8977930289.5000000000
8978428006.5000000000
8979881864.0000000000
8981473812.0000000000
8982407203.5000000000
8983354673.5000000000
8984388803.5000000000
8985700042.0000000000
8986235578.5000000000
8987492324.0000000000
8988373475.5000000000
8988611070.0000000000
8989917706.5000000000
8990319764.0000000000
8990749942.0000000000
8992068926.5000000000
8993697665.0000000000
8993714628.0000000000
9229180814.0000000000
9229509300.5000000000
9230161792.5000000000
9230338828.5000000000
9230945519.5000000000
9231890884.5000000000
9233142313.0000000000
9233983847.0000000000
9234253501.0000000000
9234941843.0000000000
9235596101.0000000000
9237139748.5000000000
9238041431.0000000000
9238615352.5000000000
9239248664.0000000000
9240057192.5000000000
9240251461.0000000000
9241009388.5000000000
9241985905.0000000000
9243782644.5000000000
9247779181.5000000000
9247913871.5000000000
9248733661.5000000000
9249690893.0000000000
9252139602.5000000000
9252830759.0000000000
9253496748.0000000000
9254708156.5000000000
9256411009.5000000000
9257516945.5000000000
9258197788.5000000000
9259066375.0000000000
9260128329.5000000000
9261520283.0000000000
9263199999.0000000000
9263585056.5000000000
9264262592.5000000000
9265112381.0000000000
9266301405.5000000000
9268306697.0000000000
9268948093.0000000000
9270527226.0000000000
9271158868.0000000000
9272332161.0000000000
9272913896.5000000000
9273462610.0000000000
9274183726.5000000000
9276098689.5000000000
9277438285.0000000000
9277701343.5000000000
9278251662.0000000000
9278922446.5000000000
9279244114.0000000000
9279538722.0000000000
9280756630.0000000000
9281518934.5000000000
9282445585.5000000000
9283660757.5000000000
9284542636.0000000000
9285337737.5000000000
9285600319.5000000000
9286698175.0000000000
9287595723.0000000000
9289142489.5000000000
9289313204.5000000000
9290541140.0000000000
9291945294.0000000000
9292329083.5000000000
9293223239.0000000000
9294547647.5000000000
9295696657.0000000000
9296712771.5000000000
9297477127.5000000000
9298601956.5000000000
9299403289.5000000000
9301102425.5000000000
9302797624.5000000000
9304085894.0000000000
9305090843.0000000000
9305994166.0000000000
9306187623.0000000000
9381281383.0000000000
9381294412.0000000000
9381570120.0000000000
9383991322.5000000000
9384355367.5000000000
9387139668.0000000000
9387773806.0000000000
9387951252.0000000000
9388803004.0000000000
9390575168.0000000000
9391213349.5000000000
9391790029.0000000000
9392074612.0000000000
9393534819.0000000000
9394166466.5000000000
9394825515.0000000000
9395428449.5000000000
9398634345.5000000000
9402389323.5000000000
9403265940.5000000000
9404062838.0000000000
9404501390.0000000000
9405583497.0000000000
9410119438.5000000000
9410470241.5000000000
9412147522.5000000000
9412818925.0000000000
9414058077.0000000000
9419286333.0000000000
9420046307.0000000000
9420947784.5000000000
9421589302.5000000000
9423697063.0000000000
9426275077.5000000000
9427166147.0000000000
9428234387.5000000000
9429225651.0000000000
9430155045.0000000000
9430498434.0000000000
9431260873.0000000000
9431783804.0000000000
9432803072.5000000000
9433371741.0000000000
9433493029.0000000000
9434789661.0000000000
9435384223.0000000000
9436287325.5000000000
9438388739.0000000000
9440838035.5000000000
9441108120.0000000000
9573026480.0000000000
9573894996.5000000000
9575191088.5000000000
9576198559.0000000000
9577406639.5000000000
9578965181.5000000000
9579723750.5000000000
9580876495.5000000000
9581936720.0000000000
9583138090.5000000000
9584566012.0000000000
9585242052.0000000000
9586339331.0000000000
9587290769.0000000000
9588227893.5000000000
9589282113.5000000000
9590562122.0000000000
9591909875.0000000000
9592882704.5000000000
9594200609.5000000000
9595207321.0000000000
9596289388.0000000000
9597673769.5000000000
9598709229.5000000000
9602072902.0000000000
9602661451.0000000000
9602975075.5000000000
9603591737.0000000000
9604101835.5000000000
9604553872.0000000000
9605508922.5000000000
9605926712.5000000000
9606709712.0000000000
9607195223.5000000000
9607749767.0000000000
9608808078.5000000000
9609684490.0000000000
9610541162.5000000000
9611187803.0000000000
9612277171.5000000000
9612913219.0000000000
9613661733.0000000000
9614551963.0000000000
9614662134.0000000000
9615778616.0000000000
9616857834.5000000000
9617299922.5000000000
9618614610.0000000000
9618983224.5000000000
9620014816.5000000000
9620111984.5000000000
9620385786.5000000000
9621073789.0000000000
9621832099.5000000000
9622472623.0000000000
9623698199.0000000000
9624551082.0000000000
9625112674.5000000000
9625494672.0000000000
9626400031.0000000000
9627329449.0000000000
9627444206.0000000000
9627792729.0000000000
9628942925.5000000000
9629814815.0000000000
9630584196.0000000000
9631844557.0000000000
9632443073.5000000000
9632915909.5000000000
9634064127.0000000000
9634644638.0000000000
9635173165.0000000000
9635423070.0000000000
9771213973.0000000000
9775093200.5000000000
9776001061.5000000000
9777987808.0000000000
9778819253.5000000000
9779837782.0000000000
9781166472.5000000000
9782028769.0000000000
9782172376.5000000000
9783154731.5000000000
9784315692.5000000000
9787308578.0000000000
9788358105.0000000000
9790528028.0000000000
9794444656.5000000000
9795590926.0000000000
9796264198.0000000000
9797226692.0000000000
9798282078.5000000000
9800210984.5000000000
9801262713.5000000000
9802380350.5000000000
9804284458.0000000000
9915018937.0000000000
9917460570.5000000000
9919494699.5000000000
9920616361.5000000000
9921787030.0000000000
9923784490.0000000000
9924431230.5000000000
9925729192.0000000000
9926418208.0000000000
9927602299.5000000000
9929105365.5000000000
9929996307.5000000000
9931490850.0000000000
9932950517.5000000000
9934547574.5000000000
9937507773.0000000000
9938845230.0000000000
9938939800.0000000000
9938967184.0000000000
9939128966.0000000000
9940616172.5000000000
9941618658.5000000000
9943526828.5000000000
9946763711.0000000000
9947798796.5000000000
9948399519.0000000000
10051679769.5000000000
10051845285.5000000000
10052171597.5000000000
10052724101.0000000000
10055099504.0000000000
10055804900.0000000000
10056279749.0000000000
10058551820.0000000000
10059268339.0000000000
10061569600.0000000000
10062121580.0000000000
10063101031.5000000000
10064225785.5000000000
10065792062.0000000000
10066619698.0000000000
10067879470.0000000000
10068535989.0000000000
10070029470.5000000000
10072976715.0000000000
10073898736.0000000000
10075788918.5000000000
10076479390.5000000000
10076745311.0000000000
10077014878.0000000000
10077790149.5000000000
10079946686.5000000000
10080628330.5000000000
10080851306.5000000000
10083797128.5000000000
10084871395.0000000000
10085700660.5000000000
10088823876.5000000000
10089161723.5000000000
10089420386.5000000000
10090176351.0000000000
10091382796.5000000000
10092589933.0000000000
10094018126.0000000000
10094371462.0000000000
10095318522.5000000000
10096519713.5000000000
10098100814.5000000000
10098598104.0000000000
10099419816.5000000000
10100763885.5000000000
10101608613.0000000000
10102897790.0000000000
10103708256.0000000000
10104527115.0000000000
10108511156.0000000000
10109552249.5000000000
10110719383.5000000000
10111587266.5000000000
10112674928.0000000000
10112796078.0000000000
10113557095.0000000000
10114678810.5000000000
10116772536.5000000000
10117176315.5000000000
10118475813.0000000000
10119258042.0000000000
10120520709.0000000000
10121730396.5000000000
10122219044.0000000000
10122658018.0000000000
10123840258.5000000000
10125893583.5000000000
10126806129.5000000000
10127861060.5000000000
10129129570.5000000000
10130290346.5000000000
10130783203.5000000000
10131621163.0000000000
10132114950.0000000000
10132978229.0000000000
10135474281.0000000000
10137463945.5000000000
10138332521.0000000000
10139851418.5000000000
10140484809.0000000000
10141659042.5000000000
10142838250.5000000000
10143695371.0000000000
10145363689.0000000000
10146011008.5000000000
10146905976.5000000000
10147856632.0000000000
10148860701.0000000000
10149723501.0000000000
10150205372.5000000000
10151378281.0000000000
10152248201.0000000000
10153727711.5000000000
10154003274.0000000000
10154778882.5000000000
10155682783.0000000000
10156939281.5000000000
10158175511.0000000000
10159642768.0000000000
10161504052.0000000000
10162494848.5000000000
10163281923.0000000000
10164296587.5000000000
10165240799.5000000000
10167016756.5000000000
10168644102.0000000000
10169463750.5000000000
10171055694.0000000000
10172533215.0000000000
10172875020.0000000000
10173724143.0000000000
10174386295.5000000000
10175112024.5000000000
10175946323.0000000000
10176957420.5000000000
10179158735.5000000000
10180012491.5000000000
10180930317.0000000000
10181962046.0000000000
10182462154.5000000000
10183283958.5000000000
10184116720.0000000000
10184789737.0000000000
10185292509.5000000000
10185966305.5000000000
10186697816.0000000000
10188039833.5000000000
10188649555.0000000000
10189535647.0000000000
10190395598.5000000000
10191064782.5000000000
10191157067.5000000000
10193054510.5000000000
10194995866.0000000000
10196778526.5000000000
10198088984.5000000000
10198160073.0000000000
10198513876.0000000000
10198995048.0000000000
